Orpha
63443
44890
70573
3398
668
319
50251
33276
2126
151
360
3395
142
99361
1332
1501
29072
717
86886
86885
29073
58017
519
86829
733
97279
523
97287
52688
99871
involving
83454
164
2905
classified
524
213772
163699
98731
211266
157980
223727
137667
99970
31112
141209
877
100092
157791
99976
99977
182067
99915
88673
227535
213807
213625
65285
69078
168811
3148
98292
97338
99967
209989
213504
2800
217074
48686
99923
213528
180250
217071
69077
3394
210584
67037
99868
100100
99867
1063
39044
99971
2451
2414
636
2869
3205
892
201
191
109
652
729
824
389
913
324
521
774
53721
73
90308
79383
42775
77240
855
178029
99889
3453
355
77260
77261
85212
530
565
905
183
2331
93585
536
801
117
49041
337
2778
2134
90038
447
903
54057
51636
797
422
136
2573
36258
131
538
179
1571
190
40923
90050
649
2092
758
206
2137
803
563
2346
79126
279
160
98044
2041
137698
97339
199323
221126
95509
158032
85458
100006
69665
93448
101338
54370
93686
94058
182090
199241
71198
60032
102021
36426
3243
90291
93573
52759
98668
